              precision    recall  f1-score   support

           0       0.40      0.49      0.44      1000
           1       0.55      0.37      0.44      1000
           2       0.30      0.32      0.31      1000
           3       0.31      0.16      0.21      1000
           4       0.34      0.34      0.34      1000
           5       0.35      0.41      0.38      1000
           6       0.42      0.42      0.42      1000
           7       0.45      0.48      0.47      1000
           8       0.49      0.51      0.50      1000
           9       0.46      0.56      0.51      1000

    accuracy                           0.41     10000
   macro avg       0.41      0.41      0.40     10000
weighted avg       0.41      0.41      0.40     10000
