              precision    recall  f1-score   support

           0       0.97      0.98      0.97      1370
           1       0.98      0.98      0.98      1593
           2       0.95      0.96      0.96      1395
           3       0.97      0.94      0.95      1431
           4       0.97      0.97      0.97      1326
           5       0.97      0.95      0.96      1274
           6       0.97      0.99      0.98      1431
           7       0.97      0.97      0.97      1464
           8       0.93      0.96      0.95      1360
           9       0.97      0.95      0.96      1356

    accuracy                           0.96     14000
   macro avg       0.96      0.96      0.96     14000
weighted avg       0.96      0.96      0.96     14000
